image: tsudanuma.png
resolution: 0.100000
origin: [-35.000000, -95.000000, 0.000000]
negate: 0
occupied_thresh: 0.3
free_thresh: 0.196